# Created by Octave 4.2.1, Tue Jun 27 11:43:43 2017 GMT <unknown@unknown>
# name: ninescores
# type: matrix
# rows: 300
# columns: 1
 1675
 498
 391
 164
 154
 204
 87
 35
 187
 119
 80
 30
 23
 17
 39
 78
 219
 37
 105
 129
 34
 50
 221
 51
 40
 106
 69
 38
 44
 23
 79
 72
 37
 33
 76
 107
 52
 90
 48
 15
 32
 230
 110
 41
 38
 18
 30
 122
 30
 23
 24
 20
 47
 65
 19
 26
 92
 99
 58
 36
 48
 8
 31
 23
 45
 9
 10
 24
 29
 40
 21
 11
 25
 7
 21
 25
 7
 7
 7
 11
 12
 42
 8
 19
 8
 7
 35
 7
 22
 7
 7
 7
 27
 7
 7
 25
 7
 7
 20
 7
 17
 33
 8
 8
 8
 9
 39
 22
 9
 20
 44
 40
 10
 8
 12
 11
 10
 7
 7
 8
 103
 9
 64
 9
 31
 45
 20
 15
 22
 32
 12
 23
 7
 7
 7
 16
 7
 8
 15
 24
 16
 40
 9
 31
 28
 27
 18
 22
 25
 22
 7
 37
 42
 19
 17
 39
 23
 28
 53
 43
 7
 55
 9
 27
 12
 13
 12
 7
 7
 20
 8
 7
 9
 7
 7
 13
 8
 7
 15
 27
 16
 19
 7
 22
 9
 8
 7
 7
 10
 8
 46
 8
 8
 8
 9
 8
 8
 8
 29
 8
 20
 32
 8
 8
 24
 9
 7
 38
 28
 21
 19
 52
 32
 10
 15
 8
 17
 19
 8
 40
 16
 18
 7
 7
 13
 7
 8
 11
 7
 7
 13
 7
 7
 24
 7
 13
 17
 12
 8
 33
 14
 8
 8
 8
 8
 11
 8
 12
 11
 18
 9
 8
 34
 8
 13
 19
 8
 8
 9
 8
 12
 8
 21
 21
 20
 29
 27
 20
 28
 17
 44
 52
 30
 24
 21
 19
 40
 28
 20
 70
 51
 31
 62
 27
 36
 34
 16
 33
 18
 16
 28
 33
 25
 62
 19
 19
 22
 20
 32
 24


# name: q
# type: matrix
# ndims: 3
 7 10 9
 -9.612381586737188
 -9.954268125476739
 -10.29836019736696
 -10.59574375348228
 -10.2643432335429
 -9.978670733623023
 -10.43640353472097
 -9.263963614119284
 -9.217486930432539
 -10.17511716531622
 -10.38749869221734
 -9.846599016105213
 -10.27895405518429
 -10.51940336850448
 -8.894392091150849
 -9.412291004195239
 -9.475617604839652
 -9.650335033063879
 -10.04614406694164
 -10.38506916991721
 -10.93498769896652
 0
 -8.889215504307698
 -9.453488939295532
 -9.63183518678683
 -9.958145721094951
 -9.620847654688758
 -10.53702041017768
 0
 -7.395064608320529
 -7.718891007877477
 -8.949448966658771
 -9.947601746850889
 -10.23428267105075
 -10.15116257790847
 0
 -7.700488270625
 -7.346032214536686
 -7.713524536076572
 -8.952263735592588
 -8.918010595142647
 -9.583783941287123
 0
 0
 -6.27590499883891
 -7.518400343172834
 -8.042105316917429
 -7.962913145526437
 -8.959510618744233
 0
 0
 0
 0
 -4.74540158181478
 -6.117616596002105
 -7.597605752747548
 0
 -0.75
 -4.039129176849209
 -3.881618231630569
 -5.02519703028716
 -5.522813148987377
 -7.029963017711843
 -1.1875
 -1.125
 -3.486676559324903
 -4.501828997087611
 -4.935172432419922
 -5.569469254265528
 -6.132181490623416
 -10.04172548148759
 -9.332478021004887
 -9.929782846612746
 -10.45024611769562
 -10.25099526350968
 -10.39807703926721
 -10.04335118723276
 -9.260042206691779
 -9.768901319297649
 -9.708478470738541
 -9.821760128040697
 -10.1835422488078
 -10.25855455481075
 -10.26903024427884
 -9.233092457248588
 -9.197548704046039
 -9.410514637325987
 -9.862700704576428
 -10.05531160713819
 -10.16007229410843
 -10.49362458217364
 0
 -8.416497687141494
 -8.982239027523729
 -9.609406626727328
 -9.723691621291245
 -10.18424297408607
 -10.67120144811618
 0
 -7.241209854233894
 -7.615508138759584
 -8.818979330270889
 -9.516824450340613
 -9.560996749979909
 -10.51588882078355
 0
 -3.906535526546222
 -6.637489714028989
 -7.604714356388008
 -8.666629432039031
 -9.257593062914431
 -9.609364920037399
 0
 0
 -5.238646582229994
 -5.72195401072501
 -6.789596523299237
 -8.040848298360155
 -8.674127561857896
 0
 0
 0
 0
 -5.278539480517134
 -6.8025023747822
 -7.563168539415288
 0
 -0.75
 -0.75
 -3.08746337890625
 -3.936416625976562
 -5.357187358366566
 -7.744840363387528
 -0.75
 -1.21875
 -2.1144885038957
 -3.288506778382946
 -3.937275237502173
 -4.766913841734516
 -5.508743629429185
 -9.911335345826012
 -9.851941917577609
 -9.940456884591262
 -10.88288171915722
 -10.61196394764068
 -10.14780609444323
 -10.50360618280806
 -9.693255227185592
 -9.461070732791921
 -10.10480004866804
 -9.723416333712722
 -10.17658329123632
 -10.05382089453767
 -10.01974375628114
 -8.922511448326098
 -9.390449420640888
 -9.452386809245109
 -9.755443400611099
 -9.783174331363178
 -10.18173277586362
 -10.36145728017161
 0
 -8.05120711441662
 -9.037735585137565
 -9.332477929396084
 -10.12094145682244
 -10.10224236946496
 -10.79629364965468
 0
 -7.197377494805732
 -8.795870593394879
 -8.411187816730777
 -9.472336126159707
 -9.885662352896595
 -10.52568673537175
 0
 -5.932808451848639
 -7.317177970666146
 -8.201941355607755
 -8.953707604861517
 -9.819209951219147
 -9.41697115681546
 0
 0
 -5.47945005303402
 -6.622878836620322
 -7.917347510482803
 -9.219162498809665
 -8.493222633311689
 0
 0
 0
 0
 -5.733250202561667
 -6.727871534291634
 -8.853446725340232
 0
 0
 -0.5
 -2.584716796875
 -5.579246937288361
 -6.738186668369382
 -7.665978815581834
 -0.75
 -0.9999999850988388
 -2.678466796875
 -4.155670687788071
 -5.865737208168113
 -6.048504460260528
 -7.038868366253938
 -9.755189303090038
 -9.473703572946516
 -10.09484438335167
 -10.53222593589726
 -10.44508946867521
 -10.39989346559679
 -10.09284127679584
 -9.252605987789707
 -9.089783433952142
 -9.71561838754393
 -9.919700294764606
 -10.04120690418936
 -10.45893481459472
 -10.42690186942119
 -8.689813176831739
 -8.856907865611408
 -9.327814599471761
 -10.09449889028234
 -10.13717381128672
 -10.48744782963024
 -10.20824727107807
 0
 -8.443542875251033
 -8.383338872436838
 -9.257478980982185
 -9.990874168731928
 -10.29154764639588
 -10.53458484372722
 0
 -7.114226690952695
 -8.045074062269963
 -8.973900267074683
 -9.260406330659537
 -9.648618062311575
 -10.07949303543174
 0
 -5.236033552848333
 -6.762996397744995
 -7.626600654937661
 -8.708282131655674
 -8.990747225425157
 -8.758719084251048
 0
 0
 -2.854826037160819
 -5.603725965924679
 -6.69896864375583
 -7.344988787914422
 -8.764263668295044
 0
 0
 0
 0
 -4.669465346822296
 -6.110001703368905
 -6.991062507155258
 0
 0
 -1.657497419044391
 -2.627929982612841
 -4.327392710372806
 -5.085073610830422
 -6.556678502169011
 -0.75
 -1.7421875
 -3.350677231354021
 -3.786473674331231
 -4.569006963522946
 -5.924336805466806
 -6.170668230284491
 -9.503265867052601
 -9.883115643889315
 -10.46309353835884
 -10.67115754807313
 -10.34707605132062
 -10.07020728728867
 -10.58588306531541
 -9.543214803075006
 -9.694768337877857
 -10.17771175949788
 -9.804569576021638
 -10.05953731532219
 -10.24208891313713
 -10.48423621701309
 -9.498866135331365
 -9.226732013783201
 -9.580515040421542
 -9.687621846268707
 -10.18796711457398
 -10.42208111412381
 -10.2029603696247
 0
 -8.358876394729759
 -9.484210278694441
 -9.429382560420311
 -9.848789193862661
 -10.39365416477196
 -10.59535093775286
 0
 -8.046522046594303
 -7.577346121493889
 -8.350352806546228
 -9.711317853169582
 -9.829735661607636
 -10.55305295980546
 0
 -7.507713666756896
 -7.044553307986135
 -8.403297173037798
 -8.365063541719065
 -9.549107371730168
 -10.08226077348922
 0
 0
 -3.109951150283726
 -6.597057491454359
 -6.647319038592445
 -7.3501865513851
 -8.780444205671449
 0
 0
 0
 0
 -6.000057353284975
 -6.707127030311845
 -7.875929446340647
 0
 0
 -4.4274800445155
 -4.929219871636377
 -5.928523062391585
 -5.66762592263876
 -7.11158008506442
 -0.75
 -2.4404296875
 -3.3506341695813
 -4.908775508294001
 -6.753202877846566
 -7.415793471373638
 -6.478876778306819
 -9.599514941995276
 -9.858778198358557
 -10.0789333046214
 -10.46291578833788
 -10.2245715398292
 -10.40617200578229
 -10.08765298285518
 -9.346679437096935
 -9.253461231855475
 -9.749849369766419
 -10.32863825029085
 -9.92403916286267
 -10.07405349449555
 -9.957879962906848
 -8.798708939109725
 -9.156616987785519
 -9.768107833767072
 -9.899186571968613
 -10.58563943148931
 -10.26434542215505
 -10.43830423785572
 0
 -8.21705877051536
 -8.652444672795525
 -9.804794257419019
 -9.99002947709573
 -10.17650636375509
 -10.53623979195786
 0
 -7.036897234288843
 -8.70805005222649
 -8.363412754422914
 -9.070890131121644
 -9.692272559241049
 -10.05114580447549
 0
 -6.319185945860177
 -6.965785826115215
 -8.224739294066319
 -8.61765769911888
 -8.942895674890135
 -9.43216468544221
 0
 0
 -4.542025948609433
 -5.63164642806851
 -7.163849949979149
 -7.977689111205283
 -8.491141097642407
 0
 0
 0
 0
 -5.718518540229
 -6.739528150469656
 -7.504094931838624
 0
 0
 -2.174294929043842
 -2.713100933062378
 -4.076171251113152
 -6.171741324298395
 -6.988109238754276
 -1.25
 -2.940096216760537
 -3.059914365625521
 -3.911762202373274
 -5.621178587968092
 -5.71568471708107
 -6.066559712400502
 -9.532323114754142
 -9.637943651354895
 -9.839136513050967
 -10.43107770396641
 -10.21133553982754
 -10.0942015285109
 -10.42505773314033
 -9.375106423411882
 -9.263177834949337
 -9.643760631644938
 -9.850604207585109
 -10.33635503166146
 -10.33949079081494
 -10.31915792231723
 -8.094402491295259
 -8.843907500681741
 -9.269899510057925
 -9.738423265492322
 -10.00733385162581
 -9.985715936923416
 -10.77904799742031
 0
 -5.338566075971547
 -8.441172842508223
 -9.155279312632747
 -9.708709720959503
 -10.06351179168087
 -10.62780041200607
 0
 -2.569466555025017
 -7.366832901712136
 -8.340584411152921
 -8.999384886509885
 -9.677390654529988
 -10.07454866907948
 0
 -2.977175232140057
 -6.402597454664109
 -7.498160670577414
 -8.442361180636919
 -8.681661119875441
 -9.15401577698227
 0
 0
 0
 -5.437278460395673
 -6.611860074137523
 -7.354424864801319
 -7.425017390671383
 0
 0
 0
 0
 -4.399529618610368
 -5.685132662907283
 -7.520594739967045
 0
 0
 -1.687499970197678
 -2.649719462970278
 -3.556717244986863
 -4.831224657963946
 -5.259532848298674
 -0.75
 -1.375
 -2.75878922152333
 -3.188885127601878
 -4.369927879226989
 -4.638727268829435
 -6.062588160925589
 -9.884287123685082
 -9.586554347791861
 -10.03111995060882
 -10.52534722094916
 -10.08757802502919
 -10.06755758419472
 -10.36124536480699
 -9.826508480727574
 -9.801374275790085
 -9.856101245386697
 -10.11527778932852
 -10.16095070947227
 -10.1764202057104
 -10.39947221318031
 -9.139857119722265
 -9.253506407668194
 -9.30877926862421
 -9.891040651826298
 -9.78713416094212
 -10.18152003692159
 -10.58730052387887
 0
 -8.6239583134196
 -8.881777430190674
 -9.243723602215702
 -9.624454515653527
 -9.929636894574854
 -10.62811470475102
 0
 -6.774448177588419
 -8.303220830726634
 -9.256517887386906
 -9.357898446103269
 -9.694605953847454
 -10.41000957768509
 0
 -4.03240172455752
 -7.440314406204974
 -8.355414815674591
 -8.702389849861493
 -9.400535734862586
 -9.913553653162804
 0
 0
 -5.670049700101654
 -6.998827485668131
 -7.650733156223472
 -7.873912449042068
 -8.989733351738531
 0
 0
 0
 0
 -5.113409524026389
 -7.242622844885927
 -8.377125480659245
 0
 0
 0
 -4.03324820191521
 -3.955263672338076
 -6.00279197671444
 -7.725452989567845
 -0.5
 -0.9999999850988388
 -2.938768761726856
 -3.403899896195162
 -4.620641532769427
 -5.546760441318433
 -7.338957761957275
 -10.02121815545244
 -9.537414219348957
 -10.17487842459414
 -11.1254333959295
 -10.14257914528639
 -10.01911035123113
 -10.20410580711315
 -9.589168342010648
 -10.01608620875949
 -9.725508119698993
 -9.99276685032849
 -10.25863234793975
 -10.07492660496716
 -10.44647799717555
 -9.382377668626354
 -9.397010430410642
 -9.91291133426391
 -9.601542460387376
 -9.857443704586379
 -10.01783908576967
 -10.66462898701968
 0
 -8.395007786957269
 -9.211797928074361
 -9.737862280828104
 -9.802666013731415
 -9.926415885663756
 -10.95469694486551
 0
 -7.249111302233998
 -7.946608166823216
 -8.964795770725381
 -9.57270655228043
 -10.04716563615841
 -10.63738644990443
 0
 -5.009146344750818
 -7.106269298317093
 -7.555724760613368
 -8.964618286191206
 -9.131286580443266
 -9.496624631653496
 0
 0
 -4.028327167654962
 -6.899803952762293
 -7.774775229416607
 -8.154965404854689
 -8.382689137249599
 0
 0
 0
 0
 -6.15873555322568
 -6.319307388309555
 -7.832753987664554
 0
 -0.5
 -0.998046875
 -3.127197265625
 -4.666642611891826
 -5.325856759374801
 -7.506967538790415
 -1
 -1.74945068359375
 -2.970046997070312
 -3.41308608505642
 -4.394382611858656
 -5.372622347869543
 -6.586648833960673


# name: eightscores
# type: matrix
# rows: 300
# columns: 1
 1545
 281
 285
 107
 43
 41
 102
 68
 283
 40
 67
 75
 34
 123
 25
 151
 125
 25
 49
 31
 76
 23
 108
 152
 16
 53
 45
 79
 68
 43
 19
 170
 70
 41
 45
 17
 52
 18
 41
 77
 17
 18
 21
 40
 32
 141
 89
 66
 76
 18
 41
 20
 18
 7
 37
 21
 26
 15
 60
 8
 33
 35
 27
 9
 23
 10
 7
 7
 7
 14
 25
 19
 16
 13
 30
 60
 48
 25
 47
 39
 14
 30
 13
 14
 9
 20
 30
 23
 7
 42
 7
 7
 7
 52
 45
 106
 9
 11
 13
 19
 35
 9
 13
 21
 21
 22
 7
 7
 30
 11
 15
 11
 14
 9
 11
 10
 8
 23
 13
 8
 9
 25
 8
 13
 23
 16
 23
 8
 50
 15
 19
 63
 8
 8
 23
 39
 34
 25
 13
 63
 29
 21
 38
 22
 53
 12
 23
 25
 9
 13
 65
 7
 8
 30
 7
 22
 11
 7
 7
 19
 40
 7
 7
 21
 25
 27
 7
 7
 7
 25
 9
 19
 7
 9
 17
 35
 44
 30
 15
 33
 13
 18
 7
 11
 10
 7
 10
 17
 10
 15
 15
 20
 14
 29
 21
 19
 8
 8
 28
 36
 22
 30
 37
 17
 27
 20
 17
 22
 10
 38
 21
 9
 27
 20
 17
 14
 8
 18
 16
 8
 23
 12
 8
 14
 15
 10
 8
 8
 7
 7
 52
 19
 31
 8
 9
 7
 7
 7
 16
 21
 18
 7
 7
 7
 7
 7
 20
 7
 19
 7
 18
 9
 7
 7
 45
 16
 11
 19
 18
 26
 15
 38
 22
 26
 13
 61
 18
 23
 24
 12
 9
 7
 14
 14
 20
 8
 26
 7
 7
 7
 7
 7
 15
 11
 7
 7
 7
 7
 8
 11
 7
 7
 14
 7
 7
 31
 7
 9
 7
 33


# name: q
# type: matrix
# ndims: 3
 7 10 8
 -9.043144617910377
 -8.723805889398903
 -9.518537652382525
 -10.18863578613912
 -9.656466158044106
 -9.85905307359574
 -10.3115428903548
 -8.345021715447995
 -8.540995809076236
 -9.604843438307157
 -9.665505672056753
 -9.496533180590983
 -9.64868150791229
 -10.09187231803113
 -8.904467164254532
 -8.732748437389809
 -8.889059387921808
 -9.378178001015668
 -9.54806971102542
 -10.29412000950956
 -10.00694424277295
 0
 -8.470352885917869
 -8.921295502030221
 -9.176000843749481
 -9.931105479034567
 -9.989716541869344
 -10.86069076855873
 0
 -7.548496512622538
 -8.925838188649177
 -8.420557726997792
 -9.433907967924714
 -9.117491401116874
 -10.39828786698738
 0
 -6.054251899928553
 -7.176680446497329
 -8.223521502984092
 -8.78383974605976
 -8.866923463787455
 -9.405056226794258
 0
 0
 -8.515680468872635
 -6.384445570389238
 -7.968738263918869
 -7.954178337179064
 -8.596481827585025
 0
 0
 0
 0
 -6.132542052595417
 -6.524809287082901
 -7.75633966917141
 0
 -0.75
 -0.9375
 -3.811152172442235
 -4.547668345359853
 -5.188409409282702
 -7.291930588887961
 -1.1875
 -1.125
 -3.766044176906269
 -5.734361111209758
 -5.272993156394172
 -5.867317639612013
 -5.680650837513141
 -8.68922352077176
 -8.970715757988058
 -9.416382064596338
 -9.905276502957445
 -9.989870121885616
 -9.194627545969427
 -9.370920652146989
 -8.401953237002402
 -8.907343821177857
 -9.191560147081429
 -7.281148038217745
 -9.622476528522323
 -9.815004578392902
 -9.73169252520136
 -7.927890693122047
 -8.491909931392644
 -8.839215491907307
 -8.819526394199347
 -9.578493969501928
 -9.743004166432446
 -10.26448362272687
 0
 -8.147091162095931
 -8.009705517751534
 -9.292866959646387
 -9.576771010555678
 -9.791465160911828
 -10.53767541383726
 0
 -6.921253030027104
 -8.041911762654145
 -8.672381458080803
 -8.7067662016581
 -9.237658406417072
 -10.27773114758161
 0
 -5.832894194746764
 -6.496508351137647
 -8.418244206168366
 -8.409887282523847
 -8.984073560843136
 -9.216315088240258
 0
 0
 -2.476856070631921
 -6.349598736397362
 -6.55503225365822
 -8.265974903586207
 -8.763839594416766
 0
 0
 0
 0
 -4.772137355428845
 -6.470423622315231
 -7.504239360350848
 0
 -0.75
 -0.875
 -3.07275390625
 -5.672782417042503
 -4.832559515666954
 -7.251882364351751
 -1.125
 -1.1875
 -2.202499389648438
 -2.000302047721471
 -3.104487205711389
 -5.441197744573118
 -5.726645489519775
 -8.446430542548656
 -9.367706432661743
 -9.937531143129561
 -9.01750177981366
 -10.10191621905318
 -9.301703393710522
 -9.470353711838435
 -8.501280817909207
 -8.689368164559312
 -9.751891390135521
 -9.734975028706312
 -9.610491607662361
 -9.59888218485732
 -9.641480632459146
 -8.565139538748621
 -8.702113754464349
 -9.110473929897234
 -9.052308536546942
 -9.648358459890339
 -9.696172300133046
 -10.1777547782073
 0
 -7.91955377865947
 -8.445863672130326
 -9.055505553522597
 -9.599256931734157
 -9.882877787110901
 -10.41020155442045
 0
 -7.78101266626463
 -8.098018925350489
 -9.002124930080765
 -8.882963866152618
 -9.193127292969567
 -9.727770551880536
 0
 -6.30288939795617
 -6.931521467796801
 -8.125225809250155
 -8.58683557649756
 -9.233765428695547
 -8.91363159711452
 0
 0
 -4.897429784432127
 -6.202494272385959
 -7.664086559606847
 -8.257167485679588
 -9.105140869319419
 0
 0
 0
 0
 -5.427382349350594
 -7.001978501923954
 -8.927135948727198
 0
 0
 -3.144033586606383
 -2.969600200653076
 -6.48585219170138
 -5.334437766556938
 -7.723887869899809
 -0.75
 -0.99609375
 -2.405838040169328
 -3.643457183610728
 -5.045087609624618
 -5.967532282128081
 -5.927073392069268
 -8.544175477869208
 -8.96297484377337
 -9.445829906638458
 -9.909048811830786
 -9.63839208567725
 -9.639024585626057
 -9.59888836084771
 -8.598414162088236
 -8.739865929283171
 -9.387298063148197
 -9.654110219430319
 -10.02676444969584
 -10.20575300015663
 -10.20221355337857
 -8.397981021062739
 -8.372348489894538
 -8.777658997420744
 -9.351856744991593
 -9.894832895346383
 -10.37151885765147
 -10.51313011405387
 0
 -7.554174742546675
 -8.32523131365442
 -8.937128974151349
 -9.151769775187745
 -9.460041509506363
 -10.38512860946742
 0
 -7.00280093640773
 -6.974226608175588
 -8.238419730832366
 -8.943226781777582
 -9.067671035387308
 -9.76874671757278
 0
 -5.66528231109274
 -6.713434374620743
 -7.757157227864785
 -8.134821973796655
 -9.138269536559124
 -8.968523551746634
 0
 0
 -2.929749846458435
 -6.087044095076197
 -7.129936221003234
 -8.203371729991146
 -8.894063959919237
 0
 0
 0
 0
 -4.473079207206327
 -5.878161851092248
 -6.630899440335881
 0
 0
 -1.65234375
 -2.515549778472632
 -4.419599678308423
 -5.284596566977164
 -6.892201857276369
 -0.75
 -1.5
 -3.107703238852663
 -3.429938169565096
 -5.109935538381762
 -5.778746734697649
 -6.106733675796541
 -8.872204781799766
 -9.40204678987909
 -9.592960033790279
 -10.25046471934689
 -9.90566270154771
 -9.30147142796311
 -9.718945548764939
 -8.3567941711069
 -8.962588157302905
 -9.501762489915022
 -9.374073357924246
 -9.771310083359589
 -9.81066554133457
 -9.88815694134329
 -8.694713869879784
 -8.934547483212064
 -9.018189576015727
 -9.137752834963431
 -9.730649713370994
 -9.964421887258062
 -10.04465208953878
 0
 -7.436832896141123
 -8.597398166698424
 -9.559066816439277
 -9.902187460115787
 -9.683721103050569
 -10.43486855430351
 0
 -8.77957249042875
 -7.485233407200338
 -8.388959138376954
 -9.765229091642414
 -8.953140186172639
 -9.930692722767605
 0
 -8.901310657456031
 -6.88989161703199
 -8.530913633789803
 -9.373253496931477
 -9.520702479799018
 -9.705025163372515
 0
 0
 -8.744483569286619
 -5.939269712135077
 -7.753906891292393
 -8.086248183767285
 -9.618833278996018
 0
 0
 0
 0
 -6.015810804140461
 -7.133256247780891
 -8.451977772899106
 0
 0
 -3.772417546756838
 -4.836808592649506
 -6.404865914936936
 -5.41309539298458
 -7.748082211207162
 -0.5
 -2.923919677734375
 -3.949160104822598
 -5.044811954897306
 -6.063352381314965
 -6.563880120388415
 -6.912962234498766
 -8.776357769365923
 -9.107730590755137
 -9.470425056517183
 -10.04466060035186
 -9.979785582297978
 -10.0649958622509
 -10.05041500732963
 -8.497239497805703
 -8.94710891347944
 -9.485430750835821
 -9.445027562226004
 -9.745163884955328
 -10.21380859943211
 -10.10708138022692
 -8.072562574701077
 -8.924822273369982
 -8.690064243515966
 -9.45359257372392
 -9.960037853314322
 -9.789834840676033
 -10.18188222354672
 0
 -8.627008973206472
 -8.188275999301558
 -8.994059152663347
 -9.475065880127756
 -9.411680761441122
 -10.42619022021077
 0
 -7.118768030548663
 -7.170380790249597
 -8.610469605742274
 -8.955452525258719
 -9.139804895650961
 -9.785555027551684
 0
 -6.12921476852968
 -7.538211979124951
 -7.940238267781853
 -8.374012888073167
 -8.756523307546932
 -9.159912859879434
 0
 0
 -4.112385157498803
 -5.690613121983602
 -6.538191640196128
 -7.880814416372486
 -7.884280470105764
 0
 0
 0
 0
 -5.314031872341445
 -6.076277238490777
 -7.477397343928377
 0
 0
 -2.619775078805812
 -2.62300606793724
 -4.853345538514306
 -5.125882884510602
 -6.555707848717701
 -0.875
 -1.695373548893258
 -3.682140085888131
 -3.986341030117326
 -4.725348598955225
 -5.889989396493544
 -5.94366238995519
 -8.755173053646971
 -8.955369323693507
 -9.289767321864659
 -6.989331910010947
 -8.803776394509171
 -9.538653171452651
 -10.14362784125878
 -8.473010370158745
 -8.914800786029851
 -6.654038454218417
 -9.263104207059712
 -9.445720336675297
 -9.671578758198159
 -10.03567015074072
 -5.936652157470885
 -5.838577803906942
 -8.792537404433348
 -8.836729986230079
 -9.84255224765797
 -9.762826650526684
 -10.46867990402888
 0
 -6.730407035994421
 -7.729040704715791
 -8.732719521843945
 -9.206168774471985
 -9.475213072948854
 -10.31656505954918
 0
 -2.477444368255579
 -6.95258015589262
 -8.342970422792638
 -8.892078878455713
 -9.152298804696727
 -9.580273193369532
 0
 -1.000124735258457
 -6.341548544920579
 -7.515033416159411
 -8.517232235837788
 -8.356421264068201
 -8.748767528737757
 0
 0
 0
 -5.473093892400597
 -7.193021407717632
 -8.237529760173167
 -8.236476794298563
 0
 0
 0
 0
 -5.001359535921079
 -5.843347592638292
 -7.088982331887559
 0
 0
 -1.826171875
 -2.267864935844094
 -4.608276529476613
 -4.509723462745246
 -5.481997832523491
 -1.125
 -1.3125
 -2.442916870117188
 -3.500653859974219
 -4.945693133245291
 -4.341899035181024
 -5.874338791364941
 -9.014163589903049
 -8.798492276712182
 -9.349309724113587
 -9.839123583877408
 -9.676312906422282
 -9.656883711487948
 -9.608079375288423
 -8.814207147841451
 -8.685167235721138
 -9.120205890756269
 -9.301856837197224
 -9.558947960463076
 -9.615295270741594
 -9.71702967036547
 -8.257445253303455
 -8.407295767937496
 -8.880558539411432
 -9.71478802782141
 -9.622408458995157
 -10.31052873341765
 -10.1828107843826
 0
 -8.237205846159377
 -8.023538296360012
 -9.097887852077498
 -9.573071999119282
 -9.96950156196365
 -10.37944015228117
 0
 -7.316697784473824
 -7.296300899376099
 -9.007549568079478
 -8.821397881318482
 -9.496290929256201
 -9.913074345223464
 0
 -6.219937141113947
 -6.649271691016548
 -7.815993040059437
 -8.366619511750162
 -8.511949121887318
 -9.559390395321763
 0
 0
 0
 -6.589702320591901
 -6.80233423288179
 -7.986543290782809
 -8.542484602906985
 0
 0
 0
 0
 -5.588554002038441
 -7.685795147191314
 -8.646754784071813
 0
 0
 0
 -2.696406841278076
 -5.071772562526686
 -6.494916200777029
 -7.260955645048321
 -0.75
 -0.9921875
 -1.000000000012141
 -3.337754812759669
 -4.932457071653968
 -5.52120662862773
 -6.117038768247351


# name: eightscores
# type: matrix
# rows: 300
# columns: 1
 1566
 445
 81
 51
 117
 108
 129
 92
 148
 53
 107
 29
 94
 35
 256
 125
 19
 37
 30
 42
 128
 21
 214
 31
 37
 59
 99
 90
 66
 47
 48
 44
 24
 103
 41
 44
 66
 62
 26
 50
 79
 24
 42
 29
 18
 31
 112
 8
 9
 81
 19
 39
 20
 26
 36
 35
 22
 21
 68
 25
 95
 22
 81
 42
 10
 58
 35
 49
 19
 32
 53
 36
 90
 24
 50
 7
 7
 7
 7
 7
 9
 18
 11
 7
 10
 7
 8
 9
 7
 8
 7
 7
 7
 7
 7
 7
 17
 25
 33
 73
 11
 51
 17
 10
 35
 35
 8
 13
 8
 49
 8
 14
 27
 22
 11
 14
 13
 10
 9
 10
 8
 12
 26
 23
 28
 56
 20
 28
 7
 9
 9
 24
 16
 23
 29
 22
 34
 34
 53
 24
 38
 78
 105
 18
 24
 101
 35
 20
 55
 19
 56
 41
 22
 68
 47
 23
 17
 17
 25
 30
 10
 16
 44
 12
 49
 9
 18
 9
 48
 28
 16
 8
 9
 32
 22
 17
 8
 8
 12
 13
 7
 10
 15
 7
 9
 7
 7
 24
 7
 7
 8
 9
 9
 12
 7
 9
 7
 20
 24
 7
 7
 7
 8
 7
 17
 15
 15
 7
 7
 9
 7
 7
 7
 10
 16
 10
 8
 31
 10
 8
 9
 8
 15
 13
 8
 7
 17
 10
 8
 8
 26
 15
 13
 19
 15
 21
 13
 8
 8
 8
 14
 28
 27
 18
 8
 8
 17
 11
 9
 10
 8
 17
 12
 8
 11
 19
 8
 8
 8
 13
 8
 13
 8
 8
 8
 22
 8
 11
 8
 8
 8
 8
 9
 8
 8
 10
 8
 9
 8
 8
 9
 8
 10
 18
 10
 8
 25
 8
 8
 8
 8
 8
 8
 8
 16
 27
 10
 9
 8
 8


# name: q
# type: matrix
# ndims: 3
 7 10 8
 -8.335261243950852
 -9.058176056729359
 -9.783552332217546
 -10.41170699989309
 -9.935588330983546
 -9.541569034987159
 -9.860887101488451
 -8.020023116187151
 -7.938060788259103
 -9.18351015904145
 -9.562599199327646
 -9.552059959116617
 -10.02922921469991
 -9.692862501256059
 -7.487107400492206
 -7.800292908499188
 -8.928607196024865
 -9.157073139322943
 -9.650913695494008
 -9.740661700371447
 -9.994213477552506
 0
 -8.79203176762007
 -9.035506950595492
 -9.888287458798459
 -10.39646836635235
 -10.44133140726079
 -10.68928393665515
 0
 -7.813082298955429
 -7.101621011204594
 -8.553542940627086
 -8.962634634612176
 -10.13133575221085
 -10.94959638765103
 0
 -5.928583230215066
 -7.291856818963538
 -8.408431771563688
 -8.958608455549616
 -9.12432358060299
 -10.07333599677196
 0
 0
 -6.93268662882029
 -6.621403523637891
 -7.707832253401429
 -8.021866991008572
 -9.169840270576284
 0
 0
 0
 0
 -5.032636882869292
 -6.79760887505695
 -7.616753657078542
 0
 -3.006364822387695
 -0.5
 -2.89874267578125
 -4.746636884453493
 -5.994488579216109
 -7.089613724990871
 -1.7109375
 -2.142088567838073
 -4.223949919454753
 -5.02184494654648
 -5.53726308682904
 -6.310925348888869
 -6.636110116467919
 -8.57584071006357
 -8.774577799036303
 -9.032840336834436
 -9.816574533396786
 -9.752906945448494
 -10.02187524543922
 -9.788876491783828
 -8.386815800179441
 -8.755489485495595
 -7.956857162144786
 -6.792767351784384
 -9.558901253680279
 -9.594338458506403
 -9.830692282341332
 -7.732842058556452
 -7.00952180693295
 -6.408090625795579
 -8.889436072306403
 -8.305890398667987
 -9.928992389364723
 -10.15672509807523
 0
 -6.813184245620995
 -8.223769203334044
 -8.898028358971006
 -9.631059351489387
 -9.794500521497302
 -10.40174847072948
 0
 -5.03429111751569
 -7.489330065617686
 -8.384764405386422
 -9.094639408489016
 -9.993205894704387
 -10.34486287855378
 0
 -5.926738066989589
 -6.541043998823097
 -7.6396991803962
 -8.206916498823187
 -8.72920592867511
 -9.647557209827834
 0
 0
 -5.674833207351356
 -6.321730523687062
 -7.141699652689151
 -7.996938228334528
 -8.90142034578799
 0
 0
 0
 0
 -4.99740513548396
 -6.928721671447016
 -7.746656165123836
 0
 -1
 -0.75
 -3.877923835068941
 -4.728203369924813
 -5.808113523543085
 -7.194606270454786
 -1.46875
 -1.888671875
 -2.466459628194571
 -4.072303335640917
 -3.410231999329894
 -5.864793601308157
 -5.581985444945197
 -8.741080045253295
 -8.725497822749155
 -9.214539053853265
 -10.44264551403437
 -9.875516991367796
 -10.11032337996348
 -10.11596911791942
 -7.748778716709971
 -8.161505993392133
 -9.083974353792486
 -9.327132510629049
 -9.536186961984562
 -9.678630917511178
 -9.879178764819669
 -7.436001925682227
 -8.367812289130743
 -8.564274628470123
 -9.056889427317788
 -9.825753555103381
 -9.721556928148448
 -9.93329969121346
 0
 -8.117291976449927
 -8.851865867238013
 -8.975875621253852
 -9.438198807060228
 -9.602477175039274
 -10.54251099064065
 0
 -8.017360821600032
 -8.104355180875423
 -8.444833309671303
 -9.394430498491591
 -10.04718336155247
 -10.55201981196447
 0
 -7.121669316429673
 -7.873986862578423
 -8.713855723012125
 -9.647060087593823
 -9.682945331776068
 -10.13129766227306
 0
 0
 -7.168352288601847
 -6.922151581639422
 -7.865703645767919
 -8.713814628629088
 -8.970236902186182
 0
 0
 0
 0
 -5.72643400755077
 -6.64581718182995
 -7.84180522042124
 0
 0
 -2.033243179321289
 -4.324970131023973
 -5.421157530744507
 -6.683476768090699
 -7.68134492369456
 -0.96875
 -2.13525390625
 -3.178192138671875
 -4.416200145438779
 -5.319316713223088
 -7.810344201642906
 -6.689028508213832
 -8.353960916224295
 -8.726580174045552
 -7.555841020637562
 -9.453143671002216
 -9.956097144234029
 -9.938485480380978
 -9.903580137258921
 -7.855959051685208
 -7.997816297059952
 -8.987438187549209
 -9.240888869178377
 -9.667162626725869
 -9.672494108620235
 -9.859760834362875
 -5.903559973768957
 -8.219828798254564
 -9.480751814360007
 -9.174062694930553
 -9.534184974393236
 -9.680358988293801
 -10.24944377823124
 0
 -7.206480371262332
 -8.323812778191417
 -8.709602302781995
 -9.485143556294567
 -10.16133423191659
 -10.63427078512826
 0
 -6.232959318578882
 -7.31133693065528
 -8.246041432961315
 -8.683102655800983
 -9.557853839179277
 -10.13002763337229
 0
 -6.207935918019813
 -6.713757317742235
 -7.577161470833849
 -8.850725946403063
 -8.836790746890051
 -8.926068318946227
 0
 0
 -5.513493747312967
 -6.024564965630519
 -7.021752531494501
 -7.80801115887942
 -8.635299593321456
 0
 0
 0
 0
 -5.368380774536289
 -6.417068379261915
 -7.650984914132431
 0
 -0.9999990463256836
 -3.086566865444183
 -3.424731206614524
 -4.314428650206334
 -5.650826172979937
 -7.775474043720619
 -1.5
 -2.5048828125
 -2.486328125
 -4.542378002238763
 -5.148007924674777
 -5.968748777189169
 -6.615040269893186
 -9.066246724107305
 -9.50618623108166
 -9.612384431018775
 -10.213018835587
 -9.984955788245514
 -9.908906613464129
 -9.907216898909027
 -8.265793102450399
 -9.048334745601402
 -10.09239209831007
 -9.562986559905994
 -9.439450701636311
 -9.891846762412921
 -9.497747283259935
 -7.677684387420041
 -8.117570180604549
 -8.479785327879299
 -8.810426472568928
 -9.625665914676118
 -9.600341287917056
 -10.02517065152467
 0
 -7.187570015805836
 -8.313801100509565
 -9.492375634579027
 -9.621034562222405
 -9.587775352450828
 -10.48782241348153
 0
 -8.948391411309991
 -9.150600300511353
 -8.355839965580062
 -9.002827105876685
 -9.564155486527042
 -10.63343587375774
 0
 -7.496460581431055
 -7.006537176290559
 -8.44826101205406
 -8.4432271914505
 -9.723468767829162
 -9.671130065388303
 0
 0
 -6.073748847211754
 -6.721390672801503
 -8.479953914539596
 -8.596130870522305
 -9.293321252029859
 0
 0
 0
 0
 -6.030436272080104
 -6.822014983823368
 -8.433051683792399
 0
 0
 -1.4599609375
 -6.45714102862159
 -5.922884418790256
 -5.67719970824607
 -7.566169682991671
 -0.96875
 -2.4119873046875
 -3.985671803355217
 -4.713045418725859
 -6.417738133110173
 -6.625068078344124
 -6.402807397779091
 -8.286560658704268
 -8.701940376173194
 -9.157296189010122
 -9.793478200218029
 -9.892578918657513
 -9.893651381333681
 -9.530152360034936
 -7.988303307442409
 -8.147025822344999
 -9.289808257926783
 -9.763191667628725
 -9.776677660173227
 -10.0255617246915
 -9.969855094311056
 -8.477693217629881
 -8.920933818734198
 -8.758560723523377
 -9.655066674135249
 -10.22600678126198
 -10.60742583050045
 -9.851909182353275
 0
 -7.275024273882869
 -8.209405372266415
 -9.096819386607276
 -9.739993260399661
 -10.10250407128639
 -10.71211467931072
 0
 -8.13910746444699
 -6.878120857045495
 -9.125991439909416
 -8.973062866442065
 -9.648707703786934
 -9.749936122830956
 0
 -6.464750952843946
 -7.309507089934142
 -8.529805343307164
 -8.374400996553501
 -8.805418549870918
 -9.415843863902328
 0
 0
 -4.553219659777052
 -5.999798830278024
 -6.96313772452752
 -7.690410761415689
 -8.852538143875233
 0
 0
 0
 0
 -5.50637363527408
 -6.300354872727956
 -7.69586070226725
 0
 -1.618114426732063
 -2.804950376407704
 -3.68624315509013
 -4.781461785528514
 -5.842304464196786
 -6.855836970488186
 -1.6796875
 -2.441009521484375
 -4.086009768820491
 -3.935300349365283
 -6.222529442695712
 -6.011409340351063
 -6.830883045995992
 -8.243225015776048
 -8.608323444220876
 -8.94711490463733
 -9.856353753266335
 -8.955181381555443
 -9.912870113702576
 -9.890334731659991
 -7.761869781779817
 -7.85829142924271
 -6.095375682824979
 -8.981875657922664
 -9.549993876795334
 -9.938978612480284
 -9.914183594554695
 -7.426608066345444
 -5.107584311599304
 -8.639057261621726
 -8.972302496682058
 -9.389447029349967
 -10.0020309443611
 -10.22942290481881
 0
 -3.784388746380181
 -8.554568438757745
 -8.863110184446276
 -9.489655635935581
 -10.12446456394839
 -10.56526939454888
 0
 -2.157394119047985
 -7.110537292668266
 -8.287966279630254
 -8.850827499707538
 -9.491751033175328
 -10.4993447537492
 0
 -1.000000000163401
 -6.440541339059342
 -8.435265373222396
 -8.361905957195333
 -8.774202009688869
 -9.02784737931302
 0
 0
 0
 -5.43424334220389
 -6.861881087862363
 -7.758283509382886
 -8.117660438945489
 0
 0
 0
 0
 -4.395975595947709
 -6.156201593365976
 -7.249928633610269
 0
 0
 -2.130859345197678
 -2.865844088606536
 -3.164751208061726
 -5.141940938196484
 -6.094824164717807
 -1.46875
 -1.90771484375
 -2.80424495524494
 -3.193734919198008
 -4.601892772626103
 -4.271852357819634
 -5.160159151505258
 -9.087580197125117
 -8.600078866527491
 -9.055187989540226
 -8.66603628614777
 -10.07373621298073
 -9.910006667916093
 -9.989779208991864
 -8.707528683998984
 -8.199714579257908
 -9.047525840196577
 -9.300163010858093
 -8.459108800217653
 -9.876483740690492
 -9.933782717219696
 -8.119457298969657
 -8.057843020726279
 -8.41229767580989
 -6.543493084837767
 -9.583154650306206
 -9.913584962383386
 -10.16369693213778
 0
 -7.040607239332308
 -7.994784979022834
 -8.896273164721768
 -9.40053301210731
 -9.729467287542231
 -10.59370769607067
 0
 -6.710888143494487
 -7.180966597754741
 -8.716486598414157
 -9.460199056881667
 -9.992895089063882
 -10.33391968263158
 0
 -5.695712077914486
 -6.846983860061973
 -7.913101497271943
 -8.68087842691291
 -9.034879603342791
 -10.3772623404038
 0
 0
 -6.166311586545977
 -6.474155102611594
 -8.762451958446967
 -8.575471215272785
 -9.423940358137108
 0
 0
 0
 0
 -6.096868713299671
 -6.807386694869644
 -9.001153710607543
 0
 0
 0
 -4.421065605517875
 -4.889851357127213
 -6.278286277040191
 -7.724709999756198
 -0.96875
 -2.112199779599905
 -1.64949036692812
 -4.192973336547157
 -4.750885674206074
 -5.816785709076326
 -6.911688014812452


# name: scores
# type: matrix
# rows: 300
# columns: 1
 1406
 264
 83
 298
 128
 135
 163
 29
 43
 95
 96
 259
 93
 190
 176
 181
 32
 29
 83
 26
 164
 40
 67
 145
 30
 100
 58
 22
 36
 103
 59
 86
 69
 37
 25
 54
 43
 54
 53
 63
 61
 27
 29
 28
 69
 35
 29
 43
 41
 34
 46
 88
 37
 21
 28
 57
 43
 36
 35
 45
 23
 30
 24
 23
 28
 44
 77
 49
 20
 27
 28
 30
 35
 27
 22
 45
 22
 29
 18
 28
 37
 24
 20
 19
 25
 56
 34
 57
 34
 20
 28
 27
 20
 20
 28
 20
 25
 20
 25
 24
 24
 27
 17
 24
 19
 19
 17
 20
 30
 20
 22
 17
 17
 21
 21
 20
 18
 18
 17
 18
 17
 22
 21
 19
 26
 19
 23
 17
 38
 32
 28
 20
 31
 27
 18
 17
 17
 18
 17
 17
 20
 19
 23
 18
 23
 24
 17
 23
 17
 19
 19
 32
 18
 18
 17
 28
 17
 20
 17
 18
 19
 22
 44
 24
 30
 17
 18
 23
 27
 17
 17
 18
 18
 17
 28
 19
 27
 26
 24
 20
 26
 19
 17
 18
 17
 18
 17
 19
 18
 19
 22
 21
 20
 19
 17
 21
 19
 19
 27
 23
 20
 18
 24
 18
 22
 23
 19
 17
 17
 21
 17
 26
 23
 99
 51
 25
 17
 18
 31
 18
 19
 24
 21
 17
 24
 18
 24
 21
 18
 18
 24
 18
 21
 21
 25
 18
 26
 20
 22
 30
 18
 19
 25
 24
 20
 21
 23
 25
 20
 18
 24
 24
 26
 37
 20
 21
 19
 21
 22
 19
 23
 25
 28
 34
 23
 22
 44
 20
 27
 22
 22
 23
 25
 24
 21
 28
 25
 23
 26
 31
 24
 19
 20
 19
 18
 17
 17
 21
 17
 35
 21
 36
 20
 21
 39
 19
 17
 20
 24
 18


# name: q
# type: matrix
# ndims: 3
 7 10 4
 -17.76042079991538
 -18.48818267222981
 -19.42058762225624
 -19.35392933908466
 -18.43208346794751
 -17.78972774228372
 -17.6007521011958
 -16.73978129539621
 -17.82596614492236
 -18.07024491217074
 -18.26251025790615
 -17.69233142474801
 -17.10471767718721
 -17.01354592581424
 -15.40911723287793
 -16.22737450915085
 -17.00487327994186
 -17.20167973832286
 -17.12451189937123
 -16.66589377025051
 -16.79144578385967
 0
 -15.14407791411822
 -15.55629241079875
 -16.1405410697623
 -16.5584341954252
 -16.05718866164159
 -16.20729218114722
 0
 0
 -13.87034052733024
 -14.76657090522129
 -14.97312590326735
 -15.52733180808881
 -15.74957366375528
 0
 0
 0
 -13.30798015504449
 -13.91197006283149
 -14.14782421035412
 -15.30542983218658
 0
 0
 0
 0
 0
 -12.12680884947759
 -13.59590211561184
 0
 0
 0
 0
 -9.049341284302468
 -9.557170408777333
 -13.28811427049116
 0
 -7.445409196005066
 -7.349773349238053
 -8.782905641029014
 -9.292110580246053
 -10.08696701891132
 -12.20419063267935
 -5.387663580935171
 -6.92388985844012
 -7.886986000553558
 -9.378360880080695
 -10.4767719766356
 -11.65333597053816
 -12.31028310911294
 -17.85811907826533
 -17.62166067865394
 -18.59792763888156
 -19.27350928531482
 -18.87276193232516
 -18.34915155469059
 -17.07734997037497
 -16.40515689318514
 -16.69411786511388
 -17.82428167847873
 -18.36318287259884
 -17.70474725263603
 -17.70214230239039
 -17.01946468542942
 -15.2910886724657
 -15.85685781703139
 -16.71443767522344
 -17.41649490694993
 -16.67551315516089
 -17.01505478214062
 -17.0922487552948
 0
 -14.76974796842174
 -15.35367548413678
 -16.56764651078014
 -16.47850685393971
 -16.47262656109858
 -16.29310177375895
 0
 0
 -13.89678697250126
 -14.16796740187438
 -14.83143741021644
 -15.5508753640831
 -14.96229700862451
 0
 0
 0
 -13.29982928005717
 -14.33787232631202
 -14.28919982664416
 -15.19088276285387
 0
 0
 0
 0
 0
 -12.74132588143321
 -13.66813841520706
 0
 0
 0
 0
 -8.413039068483688
 -9.805187666603057
 -13.22383953913692
 0
 -1.041058537076698
 -6.524354564286634
 -6.904732284702499
 -9.811941336632845
 -9.755414264037841
 -12.35398561974641
 -3.912588333837333
 -2.0000736269027
 -3.040178138424882
 -4.758665992316542
 -6.233802069723155
 -7.223997889473848
 -8.598385674277534
 -17.56164338091998
 -18.13812062456735
 -18.7933618197005
 -19.73364434358553
 -18.98022629885772
 -18.186626201434
 -17.46117247493913
 -17.50313431475014
 -17.51668186925244
 -18.14234282665804
 -19.77923487102001
 -18.10718561037028
 -17.00332748542743
 -17.34449094153386
 -15.59256199187281
 -16.82780952529287
 -16.73850710304827
 -18.32637480106975
 -17.5478512635622
 -16.5941935065032
 -16.83939320577107
 0
 -15.06324825113344
 -15.93546475074177
 -16.9179519091367
 -16.28827492582891
 -16.08438901264089
 -16.73968226616129
 0
 0
 -14.91855082882241
 -15.31570931505811
 -15.84560208658006
 -16.11078446310567
 -15.75580343259108
 0
 0
 0
 -13.19438204995926
 -14.84184062775515
 -14.62769899161624
 -14.80648841908524
 0
 0
 0
 0
 0
 -12.34156340645993
 -15.23738219182334
 0
 0
 0
 0
 -8.176091827280546
 -10.39627746577799
 -13.61126235939704
 0
 0
 -6.765984141309028
 -7.989853959626318
 -10.25370708415842
 -10.45725998734965
 -12.26933360318024
 -1.000000000015771
 -6.922643699273613
 -7.048982555972173
 -9.8430769608961
 -10.05058894732897
 -11.08285450193186
 -12.29092985151858
 -17.14988698671871
 -17.4577338870959
 -18.41066862041977
 -17.5028934455717
 -18.44765239727012
 -17.71132981036731
 -17.54162178198419
 -16.07429473236459
 -16.61297042700873
 -17.61336471046673
 -16.38778573050024
 -17.74267261038758
 -17.00326295791368
 -17.2653004121013
 -15.21205913136473
 -15.82509710790375
 -16.71676476362663
 -15.65549362863638
 -16.66288655012107
 -16.4252919789705
 -16.84384741050938
 0
 -14.36038150114627
 -14.99223291489366
 -15.98281307602874
 -14.90539576888821
 -15.44788375020569
 -14.8959257267015
 0
 0
 -13.44883279423557
 -14.20478020045569
 -14.83762852158768
 -14.0402432450698
 -13.20803600826213
 0
 0
 0
 -12.69088172544596
 -12.39440813120628
 -14.91636203107293
 -13.72924793098255
 0
 0
 0
 0
 0
 -11.93589636146073
 -13.85172894903608
 0
 0
 0
 0
 -7.777036558261177
 -9.448176403920669
 -11.8642162221457
 0
 -3.866427197099919
 -6.308538888627176
 -6.564841290063581
 -9.365495116984889
 -9.602190618783947
 -10.14749533704262
 -3.745457829474816
 -7.180233144288215
 -5.428220979705976
 -7.560823830444442
 -10.32467048722602
 -10.54283695027275
 -12.70232569429263


# name: stochscores
# type: matrix
# rows: 300
# columns: 1
 1649
 569
 157
 912
 50
 44
 510
 54
 88
 215
 98
 7
 69
 203
 57
 239
 218
 50
 89
 311
 98
 546
 36
 268
 130
 92
 51
 123
 80
 152
 106
 67
 254
 44
 22
 32
 46
 97
 63
 42
 51
 62
 112
 289
 139
 82
 221
 30
 52
 52
 75
 69
 45
 70
 129
 158
 118
 34
 117
 217
 205
 142
 9
 77
 31
 80
 50
 340
 46
 114
 152
 36
 140
 23
 31
 37
 61
 147
 40
 48
 35
 52
 44
 33
 71
 151
 116
 152
 62
 162
 55
 131
 235
 48
 91
 71
 23
 37
 186
 138
 75
 42
 109
 54
 116
 45
 36
 27
 89
 117
 22
 101
 318
 163
 255
 132
 56
 70
 70
 113
 46
 191
 90
 127
 45
 51
 76
 85
 124
 23
 32
 181
 52
 30
 91
 70
 16
 107
 97
 57
 41
 77
 34
 44
 126
 112
 56
 90
 60
 51
 104
 166
 58
 113
 209
 251
 233
 9
 289
 36
 55
 514
 139
 435
 99
 231
 74
 45
 188
 94
 271
 80
 47
 32
 27
 74
 164
 110
 127
 58
 38
 10
 72
 139
 10
 143
 67
 218
 38
 97
 57
 228
 166
 64
 62
 53
 39
 85
 88
 67
 65
 145
 85
 80
 25
 21
 137
 74
 254
 28
 52
 47
 43
 39
 133
 45
 47
 244
 61
 38
 82
 88
 110
 12
 32
 44
 34
 34
 199
 48
 114
 71
 116
 109
 73
 101
 119
 22
 25
 56
 96
 69
 32
 184
 55
 31
 31
 111
 163
 236
 184
 59
 24
 39
 138
 43
 100
 160
 35
 54
 53
 55
 39
 63
 96
 128
 46
 81
 25
 42
 125
 23
 27
 41
 27
 104
 71
 93
 39
 76
 89
 35
 19
 33
 39
 120
 55
 51
 35
 41
 83
 62
 75
 31
 40
 42
 8
 35
 16
 28


# name: q
# type: matrix
# ndims: 3
 7 10 8
 -23.87314876096683
 -24.31729725950605
 -24.94644429982614
 -25.39312284479973
 -25.33868086062267
 -25.55436368365839
 -25.57336198815639
 -24.08593202479435
 -24.33748165512246
 -24.41982295883215
 -25.38824073399045
 -25.68928508935453
 -25.80149156469211
 -25.73179662494725
 -23.93038645865274
 -24.38762809298765
 -24.50503659932552
 -24.58798644548385
 -24.91419203139706
 -25.81753116090317
 -26.11097660670283
 -22.80112633938332
 -23.26951107572987
 -24.17436792698201
 -24.82057711072992
 -25.69034256302505
 -26.37253776429354
 -26.73266080022438
 -18.07676070151993
 -20.5392156772328
 -23.27297599092824
 -24.18046392194488
 -25.48643119079239
 -25.96847635427461
 -26.77874529794009
 -19.81837862632777
 -20.11230131412333
 -24.61890628450052
 -22.78182654465982
 -25.03055089530542
 -25.42441649575569
 -26.92350434780814
 0
 -13.6566515880647
 -21.47699627988781
 -22.11595241449593
 -23.72812401875686
 -23.76961779603972
 -26.25213797914195
 0
 -19.70463670666908
 -21.80944313946357
 0
 -22.9076112148562
 -23.29462336550254
 -25.10223560854776
 -18.98520314035063
 -20.68450595577181
 -21.42008556040931
 -21.71377374256192
 -23.05590307023526
 -23.65593447794834
 -24.60588257310926
 -19.8455345002125
 -19.05957431060731
 -20.28334411965103
 -22.71650672387023
 -24.14320716405526
 -23.2953691150723
 -25.08050156922855
 -24.03017200367557
 -24.30061640064119
 -24.62587231956448
 -25.65283980328135
 -24.89782951864845
 -25.3684340970347
 -25.38792548756244
 -24.00879281539142
 -23.97876813932448
 -24.1988575174967
 -24.83453845500931
 -25.53034760006359
 -25.21614083388494
 -26.04159219207063
 -24.14505828068976
 -23.6353582170193
 -24.12009492308878
 -24.66599185177788
 -25.08327058953639
 -25.09623066932637
 -26.02116112807808
 -22.06274430983302
 -23.56012228605668
 -24.37076485218515
 -24.71456697565267
 -25.38682550504861
 -25.38059387712875
 -26.30587883841995
 -19.8583483187331
 -20.1388794391564
 -23.46650464432092
 -24.60706422277663
 -24.96770769285108
 -25.70847332747122
 -27.12527522869917
 -20.34177243965397
 -18.14716621190405
 -22.90167278411379
 -23.55709061078758
 -24.43746386149895
 -25.95746586627354
 -26.83225610013336
 0
 -11.23983272272732
 -19.32880435421909
 -20.67668168331227
 -24.63309106119742
 -23.54364912834603
 -26.12418965367203
 0
 -16.67045980133963
 -20.94750355410584
 0
 -23.17958998113816
 -23.20226047666264
 -24.82421473778384
 -18.98784267941195
 -19.62546655880815
 -19.95205573353353
 -21.38329277882536
 -21.34134414605932
 -23.51255676291869
 -24.5822314357006
 -20.45595563278832
 -12.11018722516863
 -19.76674624846788
 -15.74567221112596
 -22.61405586313707
 -20.28550767426951
 -25.07685730556905
 -24.56625542065967
 -24.23098064502232
 -24.7410815698449
 -25.66951155875457
 -25.06151051855556
 -25.01089071716753
 -25.4168007881986
 -24.27687188488721
 -24.18846750198965
 -24.36990528396422
 -25.22260879609024
 -25.04348743135601
 -25.13886500730244
 -25.74243753926554
 -23.74797409136645
 -23.98274817688327
 -24.55397259248911
 -24.73714104311361
 -25.10458427613678
 -25.73397366153351
 -26.03067594227466
 -21.42266425442779
 -23.33368547405929
 -23.61489622304816
 -24.76822727851624
 -24.97588595453428
 -25.53926315535937
 -26.48693729626326
 -18.92621369027686
 -21.28660537240392
 -22.86016649852364
 -24.3006523324214
 -24.66207389335479
 -25.76117635789783
 -26.56850848246268
 -18.80984595711162
 -18.60131752896811
 -23.83853961658866
 -23.10985852320683
 -25.73345045827361
 -26.44664504763784
 -26.56738845501058
 0
 -18.13030574420992
 -19.66280451340291
 -23.58933227946659
 -23.63004072192514
 -24.28590563132551
 -26.11956595184745
 0
 -18.16648815583324
 -20.29978820130744
 0
 -24.43669001379331
 -23.92692025036524
 -25.18825029908788
 -19.02377288198133
 -20.29722158912591
 -21.35267681236649
 -22.14485042436529
 -23.13334453436714
 -23.2255309418661
 -24.70817544470685
 -19.38502447195813
 -19.6017691674024
 -19.64372915210413
 -21.89612933104851
 -23.75616067295571
 -23.00279419907356
 -24.79415307346845
 -24.02505527039909
 -24.49677152167862
 -25.052609979361
 -25.62832558685868
 -25.05216962689359
 -25.40112740699629
 -25.588728155524
 -23.96660582345261
 -24.03414661354336
 -24.74659963159444
 -24.90109236027018
 -24.92071790825347
 -25.7138633703139
 -25.58876652489141
 -23.4739472669282
 -23.96633861194222
 -22.65792804381294
 -25.01294831796772
 -25.21974706690236
 -25.60872885173573
 -25.7539062725548
 -19.37926910087493
 -23.72830000797259
 -23.73853551229838
 -24.71622932228778
 -25.95857374066028
 -25.73079969197557
 -26.5563942742142
 -18.8756548179993
 -20.21017568542134
 -23.45788873819436
 -25.12653365946138
 -24.77191570854013
 -25.63133144178736
 -26.78717437261285
 -18.85692748002366
 -18.66905519639447
 -22.61623460106799
 -23.69190152361541
 -24.57546448679419
 -23.95926292440967
 -26.50484409193851
 0
 -13.35647593128841
 -20.72996977364713
 -21.05489404631167
 -23.76943637409621
 -23.13403748966977
 -25.69405203208513
 0
 -16.82695728415317
 -20.94933422325729
 0
 -22.68447024709383
 -23.10902418967184
 -22.64160548494831
 -19.88439190780212
 -20.28202173399142
 -16.48902164130176
 -21.37854411541454
 -18.66361156752354
 -23.24880392722555
 -24.26008506993089
 -19.94534817833825
 -20.40457125083445
 -20.56643368241721
 -21.92568978385916
 -23.82983265452849
 -24.49709806183296
 -24.97274496269384
 -24.18254494232474
 -24.77102145761873
 -25.10440295865011
 -25.39956766132467
 -24.96245134768421
 -25.29863890462255
 -25.45258742303653
 -24.33885291906793
 -24.46670367215793
 -24.51565479341217
 -25.31940741353541
 -25.07489483029337
 -25.34292170437055
 -25.63471982257555
 -23.43284415130271
 -23.63797152876641
 -24.43513422389386
 -24.50017350566964
 -25.04911195136539
 -25.61232212022619
 -25.85407933421773
 -21.30974939751776
 -23.43364299891955
 -24.74257139516146
 -25.03703101370209
 -25.37314138089523
 -25.34511205593134
 -26.32983257984191
 -19.86578620626671
 -21.66008243376098
 -23.49299274369933
 -24.89279381634792
 -25.78134827424224
 -25.82345425261595
 -26.81918643955449
 -16.96879536509333
 -20.27543781913456
 -23.90660332860372
 -25.05710195328879
 -24.48670868238973
 -26.23504971513308
 -26.38678280587103
 0
 -10.20986757131767
 -20.29077862477899
 -22.52209077589933
 -24.20616874302763
 -26.15723460740425
 -25.9802533050056
 0
 -21.01945767168059
 -23.1869931833821
 0
 -23.22816699419297
 -23.98739940400076
 -25.42507635585678
 -20.21713952241419
 -21.18848874053891
 -21.80371199594602
 -21.22235538218069
 -23.72512816520189
 -23.22513474846594
 -24.65740922872747
 -20.09645327132589
 -19.91711701901776
 -20.63737197367826
 -23.0790903922603
 -23.72008368514097
 -23.63942014689576
 -24.71842270275715
 -24.19241847360273
 -24.85219926411342
 -25.29786947049362
 -25.43608724863624
 -25.14001404603177
 -25.388791642197
 -25.73768299429836
 -24.12206438058017
 -23.97112306812593
 -24.65074489662153
 -24.90617996656638
 -24.9596013330642
 -25.53326698495216
 -25.86647945151592
 -24.03351801052708
 -24.56794288219869
 -24.68343172821324
 -24.58257094537939
 -25.16483889706558
 -25.89801591223789
 -26.11405254783424
 -20.60818212935568
 -23.40810956052667
 -24.20279440202307
 -24.88049113779108
 -25.60717515200449
 -25.51787675966261
 -26.46094899689384
 -19.1066961942925
 -20.03324180533255
 -23.98596748443924
 -24.47193216578745
 -25.0638887455159
 -26.20825081809672
 -26.60513811315906
 -18.64518088879365
 -18.72006150347063
 -22.82597687706708
 -24.36683828709475
 -24.39976390668346
 -25.85450901100707
 -25.36198487337439
 0
 -10.78707928453036
 -20.97852121079665
 -20.77836478574438
 -23.71066607142652
 -23.82989598917855
 -25.91878717149351
 0
 -16.35444379005141
 -21.74309236229927
 0
 -22.94787708768963
 -23.93031298819673
 -24.70436695923187
 -18.89461856878625
 -17.48539825966282
 -20.87666862203319
 -21.37106975843938
 -22.92466678843932
 -24.02327645408535
 -24.36650306788967
 -19.6940095297573
 -20.75273067597413
 -21.35271803155639
 -22.31562848231957
 -24.30621257159345
 -23.50253730669417
 -24.19399540840605
 -24.32684429818632
 -24.26249284801426
 -24.87863527329264
 -24.42808210422258
 -24.83158141977025
 -25.37012646432554
 -25.37264817367078
 -22.98264976240421
 -22.42758439646281
 -22.30917005764286
 -23.69908363179426
 -25.04744147408005
 -25.26557023178211
 -25.59893165943594
 -21.27321543888237
 -22.44790850797818
 -24.12289764376792
 -24.52515247975322
 -25.12551857741743
 -25.48189783697216
 -26.19348082257246
 -20.9050898505656
 -18.80697295137643
 -21.76253713645202
 -24.30067482216882
 -25.4022297569822
 -25.8011228930242
 -26.81823664188983
 -18.39496198646125
 -18.11853958130514
 -19.69205913436107
 -24.23749215346444
 -24.84591672816763
 -25.95105670304102
 -26.8758249298516
 -16.91917891623513
 -8.454143185869636
 -20.2400038962471
 -23.37086893527908
 -24.71063830953681
 -25.50110766123695
 -26.42502545886286
 0
 -13.00394722022973
 -18.81322139361707
 -0.3910834698659454
 -23.76200653576298
 -24.17431100438539
 -24.55263062668342
 0
 -16.82430726566395
 -19.63670405108239
 0
 -20.22791130484282
 -23.21314632665746
 -24.78727322316088
 -18.54837772862329
 -20.2704813115396
 -17.14699755705303
 -16.59162948211795
 -22.27154209659819
 -22.59814340164109
 -21.94457039105933
 -20.40151602438757
 -19.85367327215093
 -13.95240958556444
 -21.77569295628439
 -15.20096754077585
 -23.53321458129578
 -25.03454044554313
 -24.47247554463188
 -24.23134453405718
 -24.73212265761171
 -25.5385496107179
 -25.17079029009068
 -25.59057998604774
 -25.12468047612733
 -24.02218505515076
 -23.95372662641415
 -24.58048291896715
 -25.03129015225485
 -25.48440557982738
 -25.4987471987216
 -25.69130919936445
 -23.86310489776612
 -23.80201772011652
 -24.16334945208096
 -25.07970276034443
 -25.12126857145428
 -25.07269668416685
 -25.81545765967283
 -21.51021268869324
 -23.17874313592783
 -23.87234977306737
 -23.33726007140133
 -24.78049345486761
 -25.23512420190122
 -26.42154904946864
 -17.94538233110897
 -20.7874535634924
 -22.79487274973744
 -24.59714199534105
 -24.73051192207318
 -26.43749821757143
 -26.57968994741735
 -18.68879393821213
 -19.84385939075552
 -23.49627824299126
 -23.12543986910598
 -24.83585083318572
 -25.78091594746832
 -26.67822850701064
 0
 -13.01428785208335
 -19.88308296725233
 -20.87333086668275
 -23.87402584403451
 -23.69778569018153
 -25.82456129967868
 0
 -9.022476460322615
 -20.24247644193073
 0
 -24.34192587903022
 -24.37059496408102
 -25.96739405648025
 -10.25277680486305
 -10.15752823060612
 -21.09958719817783
 -21.87041016069192
 -22.33782597953949
 -23.42943575534876
 -24.57286952363557
 -11.23433463565251
 -19.62904046891584
 -20.97112832668355
 -20.29022517188467
 -23.12170848614319
 -23.08961603073306
 -24.78957958854537


